140
2   21
3   21
4   21
2   18
3   18
4   18
5   21
6   21
7   21
7   18
2   16
3   13
4   14
5   13
6   16
8   16
7   15
7   14
8   13
9   14
9   15
10   16
11   16
12   15
11   14
12   13
10   14
10   13
13   16
13   14
13   13
15   16
13.5   14.5
15   13
16   13
17   13
18   14
16   15
17   16
18   16
11.0   9.0
10.990133642141359   9.313952597646567
10.96057350657239   9.626666167821522
10.911436253643444   9.936906572928622
10.842915805643155   10.243449435824274
10.755282581475768   10.545084971874736
10.648882429441258   10.84062276342339
10.524135262330098   11.128896457825363
10.381533400219318   11.408768370508577
10.221639627510076   11.679133974894983
10.045084971874736   11.938926261462367
9.852566213878946   12.187119948743447
9.644843137107058   12.422735529643443
9.422735529643443   12.644843137107058
9.18711994874345   12.852566213878946
8.938926261462367   13.045084971874736
8.679133974894983   13.221639627510076
8.408768370508575   13.381533400219318
8.128896457825363   13.524135262330098
7.84062276342339   13.648882429441256
7.545084971874737   13.755282581475768
7.243449435824274   13.842915805643155
6.936906572928624   13.911436253643444
6.626666167821522   13.960573506572388
6.313952597646567   13.990133642141359
6.0   14.0
5.686047402353433   13.990133642141359
5.37333383217848   13.96057350657239
5.063093427071377   13.911436253643444
4.7565505641757255   13.842915805643155
4.4549150281252645   13.755282581475768
4.159377236576612   13.648882429441258
3.8711035421746365   13.524135262330098
3.591231629491423   13.381533400219318
3.3208660251050155   13.221639627510076
3.061073738537635   13.045084971874736
2.8128800512565513   12.852566213878946
2.5772644703565564   12.644843137107056
2.3551568628929433   12.422735529643443
2.1474337861210544   12.18711994874345
1.9549150281252636   11.938926261462367
1.7783603724899262   11.679133974894985
1.6184665997806817   11.408768370508575
1.4758647376699034   11.128896457825364
1.3511175705587437   10.84062276342339
1.2447174185242327   10.545084971874738
1.1570841943568455   10.243449435824276
1.0885637463565567   9.936906572928622
1.0394264934276114   9.626666167821522
1.009866357858642   9.313952597646567
1.0   9.0
1.009866357858642   8.686047402353433
1.0394264934276105   8.373333832178478
1.0885637463565567   8.063093427071376
1.1570841943568437   7.756550564175727
1.2447174185242318   7.454915028125264
1.3511175705587428   7.15937723657661
1.4758647376699017   6.871103542174639
1.6184665997806817   6.591231629491423
1.7783603724899244   6.320866025105017
1.954915028125261   6.061073738537637
2.147433786121054   5.812880051256552
2.3551568628929407   5.577264470356559
2.577264470356557   5.355156862892942
2.8128800512565526   5.147433786121053
3.0610737385376336   4.954915028125264
3.320866025105018   4.7783603724899235
3.5912316294914235   4.618466599780682
3.871103542174639   4.475864737669901
4.159377236576611   4.351117570558743
4.454915028125262   4.244717418524233
4.756550564175727   4.157084194356844
5.063093427071377   4.088563746356557
5.373333832178477   4.039426493427611
5.686047402353434   4.009866357858642
5.999999999999999   4.0
6.313952597646564   4.009866357858642
6.626666167821521   4.0394264934276105
6.9369065729286215   4.088563746356557
7.2434494358242745   4.157084194356845
7.545084971874736   4.244717418524232
7.840622763423387   4.351117570558742
8.128896457825359   4.475864737669901
8.408768370508579   4.6184665997806835
8.679133974894985   4.778360372489925
8.938926261462365   4.954915028125262
9.187119948743447   5.147433786121052
9.42273552964344   5.355156862892939
9.644843137107056   5.577264470356555
9.852566213878948   5.812880051256552
10.045084971874736   6.061073738537633
10.221639627510074   6.320866025105015
10.381533400219315   6.5912316294914195
10.524135262330097   6.871103542174636
10.648882429441258   7.159377236576611
10.755282581475768   7.454915028125262
10.842915805643155   7.756550564175724
10.911436253643444   8.063093427071376
10.960573506572388   8.373333832178476
10.990133642141359   8.686047402353434
40   40
41   42
42   44
43   46
44   48
45   50
46   52
47   54
48   56
49   58
50   60
51   62
52   64
53   66
54   68
55   70
56   72
57   74
58   76
59   78
60   80
61   82
62   84
63   86
64   88
65   90
66   92
67   94
68   96
69   98
70   100
71   102
72   104
73   106
74   108
75   110
76   112
77   114
78   116
79   118
80   120
81   122
82   124
83   126
84   128
85   130
86   132
87   134
88   136
89   138
90   40
91   42
92   44
93   46
94   48
95   50
96   52
97   54
98   56
99   58
100   60
101   62
102   64
103   66
104   68
105   70
106   72
107   74
108   76
109   78
110   80
111   82
112   84
113   86
114   88
115   90
116   92
117   94
118   96
119   98
120   100
121   102
122   104
123   106
124   108
125   110
126   112
127   114
128   116
129   118
130   120
131   122
132   124
133   126
134   128
135   130
136   132
137   134
138   136
139   138
0   1
1   2
1   4
3   4
4   5
6   7
7   8
7   9
10   11
11   12
12   13
13   14
15   16
16   17
17   18
18   19
19   20
20   15
21   22
22   23
23   24
24   25
21   26
26   24
26   27
28   29
29   30
29   32
32   31
32   33
34   35
35   36
36   37
37   38
38   39